
l =

           1          -1           2          -2           3          -3           4          -4          14         -14        1000       -1000

     1    12

  -66.3360

     1    12

  -66.3360

{Error using <a href="matlab:matlab.internal.language.introspective.errorDocCallback('disp')" style="font-weight:bold">disp</a>
Too many input arguments.

Error in <a href="matlab:matlab.internal.language.introspective.errorDocCallback('newtonDD', '/Users/abemankavil/Desktop/M438_NumericalAnyl/HW7_Code/newtonDD.m', 5)" style="font-weight:bold">newtonDD</a> (<a href="matlab: opentoline('/Users/abemankavil/Desktop/M438_NumericalAnyl/HW7_Code/newtonDD.m',5,0)">line 5</a>)
disp(size(l),2)
} 
newtonDD
    12

  -66.3360


n =

    12

x = 1
cos(x): 0.540302
cos1(x): 0.555024
x = -1
cos(x): 0.540302
cos1(x): 0.773478
x = 2
cos(x): -0.416147
cos1(x): -0.561449
x = -2
cos(x): -0.416147
cos1(x): -0.124542
x = 3
cos(x): -0.989992
cos1(x): -2.34942
x = -3
cos(x): -0.989992
cos1(x): -1.69406
x = 4
cos(x): -0.653644
cos1(x): -4.80889
x = -4
cos(x): -0.653644
cos1(x): -3.93508
x = 14
cos(x): 0.136737
cos1(x): -66.336
x = -14
cos(x): 0.136737
cos1(x): -63.2776
x = 1000
cos(x): 0.562379
cos1(x): -335857
x = -1000
cos(x): 0.562379
cos1(x): -335639

val =

  -3.3586e+05

x = 1
cos(x): 0.540302
cos1(x): 0.6

x = -1
cos(x): 0.540302
cos1(x): 0.8

x = 2
cos(x): -0.416147
cos1(x): -0.6

x = -2
cos(x): -0.416147
cos1(x): -0.1

x = 3
cos(x): -0.989992
cos1(x): -2

x = -3
cos(x): -0.989992
cos1(x): -2

x = 4
cos(x): -0.653644
cos1(x): -5

x = -4
cos(x): -0.653644
cos1(x): -4

x = 14
cos(x): 0.136737
cos1(x): -7e+01

x = -14
cos(x): 0.136737
cos1(x): -6e+01

x = 1000
cos(x): 0.562379
cos1(x): -3e+05

x = -1000
cos(x): 0.562379
cos1(x): -3e+05

x = 1
cos(x): 0.5
cos1(x): 0.5550244

x = -1
cos(x): 0.5
cos1(x): 0.7734778

x = 2
cos(x): -0.4
cos1(x): -0.5614488

x = -2
cos(x): -0.4
cos1(x): -0.1245421

x = 3
cos(x): -1
cos1(x): -2.34942

x = -3
cos(x): -1
cos1(x): -1.69406

x = 4
cos(x): -0.7
cos1(x): -4.808889

x = -4
cos(x): -0.7
cos1(x): -3.935075

x = 14
cos(x): 0.1
cos1(x): -66.33595

x = -14
cos(x): 0.1
cos1(x): -63.2776

x = 1000
cos(x): 0.6
cos1(x): -335857.1

x = -1000
cos(x): 0.6
cos1(x): -335638.6

x = 1
cos(x): 0.5
cos1(x): 0.6

x = -1
cos(x): 0.5
cos1(x): 0.8

x = 2
cos(x): -0.4
cos1(x): -0.6

x = -2
cos(x): -0.4
cos1(x): -0.1

x = 3
cos(x): -1
cos1(x): -2

x = -3
cos(x): -1
cos1(x): -2

x = 4
cos(x): -0.7
cos1(x): -5

x = -4
cos(x): -0.7
cos1(x): -4

x = 14
cos(x): 0.1
cos1(x): -7e+01

x = -14
cos(x): 0.1
cos1(x): -6e+01

x = 1000
cos(x): 0.6
cos1(x): -3e+05

x = -1000
cos(x): 0.6
cos1(x): -3e+05

x = 1
cos(x): 0.5
cos1(x):     0.6

x = -1
cos(x): 0.5
cos1(x):     0.8

x = 2
cos(x): -0.4
cos1(x):    -0.6

x = -2
cos(x): -0.4
cos1(x):    -0.1

x = 3
cos(x): -1
cos1(x):      -2

x = -3
cos(x): -1
cos1(x):      -2

x = 4
cos(x): -0.7
cos1(x):      -5

x = -4
cos(x): -0.7
cos1(x):      -4

x = 14
cos(x): 0.1
cos1(x):  -7e+01

x = -14
cos(x): 0.1
cos1(x):  -6e+01

x = 1000
cos(x): 0.6
cos1(x):  -3e+05

x = -1000
cos(x): 0.6
cos1(x):  -3e+05

x = 1
cos(x): 0.5
cos1(x):     0.6

x = -1
cos(x): 0.5
cos1(x):     0.8

x = 2
cos(x): -0.4
cos1(x):    -0.6

x = -2
cos(x): -0.4
cos1(x):    -0.1

x = 3
cos(x): -1
cos1(x):      -2

x = -3
cos(x): -1
cos1(x):      -2

x = 4
cos(x): -0.7
cos1(x):      -5

x = -4
cos(x): -0.7
cos1(x):      -4

x = 14
cos(x): 0.1
cos1(x):  -7e+01

x = -14
cos(x): 0.1
cos1(x):  -6e+01

x = 1000
cos(x): 0.6
cos1(x):  -3e+05

x = -1000
cos(x): 0.6
cos1(x):  -3e+05

x = 1
cos(x): 0.5
cos1(x):     0.6

x = -1
cos(x): 0.5
cos1(x):     0.8

x = 2
cos(x): -0.4
cos1(x):    -0.6

x = -2
cos(x): -0.4
cos1(x):    -0.1

x = 3
cos(x): -1
cos1(x):      -2

x = -3
cos(x): -1
cos1(x):      -2

x = 4
cos(x): -0.7
cos1(x):      -5

x = -4
cos(x): -0.7
cos1(x):      -4

x = 14
cos(x): 0.1
cos1(x):  -7e+01

x = -14
cos(x): 0.1
cos1(x):  -6e+01

x = 1000
cos(x): 0.6
cos1(x):  -3e+05

x = -1000
cos(x): 0.6
cos1(x):  -3e+05

x = 1
cos(x): 0.5
cos1(x):     0.6

x = -1
cos(x): 0.5
cos1(x):     0.8

x = 2
cos(x): -0.4
cos1(x):    -0.6

x = -2
cos(x): -0.4
cos1(x):    -0.1

x = 3
cos(x): -1
cos1(x):      -2

x = -3
cos(x): -1
cos1(x):      -2

x = 4
cos(x): -0.7
cos1(x):      -5

x = -4
cos(x): -0.7
cos1(x):      -4

x = 14
cos(x): 0.1
cos1(x):  -7e+01

x = -14
cos(x): 0.1
cos1(x):  -6e+01

x = 1000
cos(x): 0.6
cos1(x):  -3e+05

x = -1000
cos(x): 0.6
cos1(x):  -3e+05

x = 1
cos(x): 0.5
cos1(x): 1

x = -1
cos(x): 0.5
cos1(x): 1

x = 2
cos(x): -0.4
cos1(x): -1

x = -2
cos(x): -0.4
cos1(x): -0

x = 3
cos(x): -1
cos1(x): -2

x = -3
cos(x): -1
cos1(x): -2

x = 4
cos(x): -0.7
cos1(x): -5

x = -4
cos(x): -0.7
cos1(x): -4

x = 14
cos(x): 0.1
cos1(x): -66

x = -14
cos(x): 0.1
cos1(x): -63

x = 1000
cos(x): 0.6
cos1(x): -335857

x = -1000
cos(x): 0.6
cos1(x): -335639

x = 1
cos(x): 0.5
cos1(x): 0.6

x = -1
cos(x): 0.5
cos1(x): 0.8

x = 2
cos(x): -0.4
cos1(x): -0.6

x = -2
cos(x): -0.4
cos1(x): -0.1

x = 3
cos(x): -1
cos1(x): -2

x = -3
cos(x): -1
cos1(x): -2

x = 4
cos(x): -0.7
cos1(x): -5

x = -4
cos(x): -0.7
cos1(x): -4

x = 14
cos(x): 0.1
cos1(x): -7e+01

x = -14
cos(x): 0.1
cos1(x): -6e+01

x = 1000
cos(x): 0.6
cos1(x): -3e+05

x = -1000
cos(x): 0.6
cos1(x): -3e+05

x = 1
cos(x): 0.5
cos1(x): 0.6

x = -1
cos(x): 0.5
cos1(x): 0.8

x = 2
cos(x): -0.4
cos1(x): -0.6

x = -2
cos(x): -0.4
cos1(x): -0.1

x = 3
cos(x): -1
cos1(x): -2

x = -3
cos(x): -1
cos1(x): -2

x = 4
cos(x): -0.7
cos1(x): -5

x = -4
cos(x): -0.7
cos1(x): -4

x = 14
cos(x): 0.1
cos1(x): -7e+01

x = -14
cos(x): 0.1
cos1(x): -6e+01

x = 1000
cos(x): 0.6
cos1(x): -3e+05

x = -1000
cos(x): 0.6
cos1(x): -3e+05

x = 1
cos(x): 0.5
cos1(x): 6e-01

x = -1
cos(x): 0.5
cos1(x): 8e-01

x = 2
cos(x): -0.4
cos1(x): -6e-01

x = -2
cos(x): -0.4
cos1(x): -1e-01

x = 3
cos(x): -1
cos1(x): -2e+00

x = -3
cos(x): -1
cos1(x): -2e+00

x = 4
cos(x): -0.7
cos1(x): -5e+00

x = -4
cos(x): -0.7
cos1(x): -4e+00

x = 14
cos(x): 0.1
cos1(x): -7e+01

x = -14
cos(x): 0.1
cos1(x): -6e+01

x = 1000
cos(x): 0.6
cos1(x): -3e+05

x = -1000
cos(x): 0.6
cos1(x): -3e+05

x = 1
cos(x): 0.5
cos1(x): 5.5502445e-01

x = -1
cos(x): 0.5
cos1(x): 7.7347782e-01

x = 2
cos(x): -0.4
cos1(x): -5.6144884e-01

x = -2
cos(x): -0.4
cos1(x): -1.2454210e-01

x = 3
cos(x): -1
cos1(x): -2.3494199e+00

x = -3
cos(x): -1
cos1(x): -1.6940598e+00

x = 4
cos(x): -0.7
cos1(x): -4.8088886e+00

x = -4
cos(x): -0.7
cos1(x): -3.9350751e+00

x = 14
cos(x): 0.1
cos1(x): -6.6335952e+01

x = -14
cos(x): 0.1
cos1(x): -6.3277604e+01

x = 1000
cos(x): 0.6
cos1(x): -3.3585709e+05

x = -1000
cos(x): 0.6
cos1(x): -3.3563864e+05

x = 1
cos(x): 0.5403023
cos1(x): 5.5502445e-01

x = -1
cos(x): 0.5403023
cos1(x): 7.7347782e-01

x = 2
cos(x): -0.4161468
cos1(x): -5.6144884e-01

x = -2
cos(x): -0.4161468
cos1(x): -1.2454210e-01

x = 3
cos(x): -0.9899925
cos1(x): -2.3494199e+00

x = -3
cos(x): -0.9899925
cos1(x): -1.6940598e+00

x = 4
cos(x): -0.6536436
cos1(x): -4.8088886e+00

x = -4
cos(x): -0.6536436
cos1(x): -3.9350751e+00

x = 14
cos(x): 0.1367372
cos1(x): -6.6335952e+01

x = -14
cos(x): 0.1367372
cos1(x): -6.3277604e+01

x = 1000
cos(x): 0.5623791
cos1(x): -3.3585709e+05

x = -1000
cos(x): 0.5623791
cos1(x): -3.3563864e+05

x = 1
cos(x): 0.5403023
cos1(x): 0.5550244

x = -1
cos(x): 0.5403023
cos1(x): 0.7734778

x = 2
cos(x): -0.4161468
cos1(x): -0.5614488

x = -2
cos(x): -0.4161468
cos1(x): -0.1245421

x = 3
cos(x): -0.9899925
cos1(x): -2.34942

x = -3
cos(x): -0.9899925
cos1(x): -1.69406

x = 4
cos(x): -0.6536436
cos1(x): -4.808889

x = -4
cos(x): -0.6536436
cos1(x): -3.935075

x = 14
cos(x): 0.1367372
cos1(x): -66.33595

x = -14
cos(x): 0.1367372
cos1(x): -63.2776

x = 1000
cos(x): 0.5623791
cos1(x): -335857.1

x = -1000
cos(x): 0.5623791
cos1(x): -335638.6

x = 1
cos(x): 0.5403023
cos1(x): 0.5550244478

x = -1
cos(x): 0.5403023
cos1(x): 0.7734778174

x = 2
cos(x): -0.4161468
cos1(x): -0.561448839

x = -2
cos(x): -0.4161468
cos1(x): -0.1245420999

x = 3
cos(x): -0.9899925
cos1(x): -2.349419861

